"warmup" "sample"
"chain:1" 0.402957 5.06059
"chain:2" 0.516233 5.2742
"chain:3" 0.578989 6.06576
"chain:4" 0.495826 4.75633
