"warmup" "sample"
"chain:1" 3.18011 34.8998
"chain:2" 2.79443 35.3891
"chain:3" 3.01603 34.285
"chain:4" 2.67228 35.6731
