"warmup" "sample"
"chain:1" 3.11626 55.0945
"chain:2" 4.01588 55.0809
"chain:3" 4.66791 55.1236
