"warmup" "sample"
"chain:1" 0.465699 3.19439
"chain:2" 0.413092 2.68826
"chain:3" 0.424439 2.6694
