"warmup" "sample"
"chain:1" 0.038522 0.51511
"chain:2" 0.017613 0.11287
"chain:3" 0.022218 0.113399
"chain:4" 0.014695 0.606395
