"warmup" "sample"
"chain:1" 1.09346 9.95256
"chain:2" 1.09199 9.90251
"chain:3" 1.09655 9.94303
"chain:4" 1.05417 9.88735
