"warmup" "sample"
"chain:1" 0.259826 1.76832
"chain:2" 0.260969 2.06257
"chain:3" 0.262209 1.86584
"chain:4" 0.258345 2.29975
