"warmup" "sample"
"chain:1" 4.71807 59.9154
"chain:2" 4.84537 59.6119
"chain:3" 5.4259 59.4627
"chain:4" 5.20362 59.6896
