# script containing project palette

palette <- c('#70A4D4', '#ECC64B', '#93AD80', '#da9124', '#696B8D',
             '#3290c1', '#5d8060', '#D7B36A', '#826133', '#A85150')