"warmup" "sample"
"chain:1" 1.70365 10.456
"chain:2" 1.67767 9.70657
"chain:3" 1.66503 11.7816
"chain:4" 1.61631 6.61245
