"warmup" "sample"
"chain:1" 2.68141 37.5754
"chain:2" 3.07302 37.7228
"chain:3" 2.72382 37.0919
