"warmup" "sample"
"chain:1" 0.19445 0.364014
"chain:2" 0.013991 0.346871
"chain:3" 0.26259 0.251733
"chain:4" 0.157129 0.436556
