"warmup" "sample"
"chain:1" 0.173448 0.194363
"chain:2" 0.198726 0.144651
