"warmup" "sample"
"chain:1" 1.50703 14.6433
"chain:2" 1.37053 10.4692
