"warmup" "sample"
"chain:1" 2.17006 18.2405
"chain:2" 2.11381 18.5053
"chain:3" 2.18005 18.7525
"chain:4" 2.08373 18.5339
