"warmup" "sample"
"chain:1" 7.66333 69.2332
"chain:2" 8.22295 69.4442
"chain:3" 7.84317 69.8703
"chain:4" 7.66822 69.334
