"warmup" "sample"
"chain:1" 4.97065 59.7275
"chain:2" 4.73282 59.9659
"chain:3" 4.74448 61.5655
"chain:4" 4.83702 59.3235
