"warmup" "sample"
"chain:1" 2.45768 27.0817
"chain:2" 2.6828 20.4521
"chain:3" 2.32391 35.1547
"chain:4" 2.34863 29.5201
