"warmup" "sample"
"chain:1" 3.87279 54.0657
"chain:2" 3.10143 50.5452
"chain:3" 2.68565 47.6869
