"warmup" "sample"
"chain:1" 0.288589 0.283255
"chain:2" 0.116538 0.387436
