"warmup" "sample"
"chain:1" 0.252848 0.706452
"chain:2" 0.023393 0.581149
"chain:3" 0.267947 0.628405
"chain:4" 0.060314 0.869359
