"warmup" "sample"
"chain:1" 1.77374 12.8998
"chain:2" 2.60816 12.7469
"chain:3" 1.67042 12.8527
"chain:4" 1.7298 12.7186
