"warmup" "sample"
"chain:1" 0.091801 1.05271
"chain:2" 0.05044 1.06693
"chain:3" 0.047289 0.986095
"chain:4" 0.018555 0.698393
