"warmup" "sample"
"chain:1" 0.070913 1.01609
"chain:2" 0.046341 1.02331
"chain:3" 0.043823 0.944656
"chain:4" 0.016981 0.670807
