"warmup" "sample"
"chain:1" 0.150991 0.752064
"chain:2" 0.106606 0.560899
"chain:3" 0.034734 0.010441
"chain:4" 0.047834 0.015509
