"warmup" "sample"
"chain:1" 0.153924 2.36455
"chain:2" 0.10261 2.37541
